264667 264666 264665 264664 264663 264662 264661 259792 - 0.0051
839163 839162 839161 839160 839159 839158 839157 839156 - 0.0062
93726 821808 821807 821806 - 0.0018
544660 544659 544658 544657 544656 544655 544654 544653 - 0.0148
328002 328001 328000 329860 - 0.0015
838595 838594 838593 838592 838591 838590 838589 838588 - 0.0099
288134 288133 288132 218509 288131 288130 288129 288128 - 0.0003
696768 526499 - 0.0011
133094 133093 133092 133091 133090 133089 133088 133087 - 0.0005
79866 79867 79868 79891 80231 80232 80233 80234 80235 80238 80241 80242 80243 693213 693212 693211 693209 693210 693199 693226 693196 693197 693224 - 0.0347
224490 224489 224488 224487 224486 224485 224484 224483 - 0.0021
203654 203653 203652 203651 203650 203649 203648 203647 - 0.0026
898113 898112 898111 898110 898033 898109 898108 898107 - 0.0015
428830 428829 428828 428827 428826 428825 428824 428823 - 0.002
914543 914544 943874 914495 914497 914548 914484 914483 914482 914555 914554 914553 914552 914551 914550 914549 914545 855028 855027 855026 855025 855024 855023 855022 855021 855020 855019 855018 855017 914501 914502 914503 914504 914505 914506 914455 914456 914457 914458 914442 914443 914444 914445 914446 914447 914448 914559 914558 914557 914516 914517 914510 914511 914536 914537 943871 943870 943869 914441 914440 914439 914438 914437 914436 914435 914434 914538 - 0.0775
183037 183036 183035 183034 183033 183032 183031 183030 - 0.0025
475371 475370 475369 475368 475367 475366 475365 475364 - 0.0089
513799 513798 513797 329647 513796 513795 178986 513794 - 0.0032
615121 617277 617276 617275 - 0.0026
550038 550037 550036 550035 550034 550033 - 0.0037
537622 537621 537620 537665 537666 537667 537668 942533 - 0.0085
439624 439623 439622 439621 439620 439619 439618 439617 - 0.0002
517585 517584 517583 517582 517581 517580 517579 517578 - 0.0076
836045 836044 836043 836042 836041 836040 - 0.0046
841904 841903 907816 404375 907815 404371 404367 841862 - 0.0036
511986 511985 511984 511983 511982 511981 511980 511979 - 0.0042
243680 243679 243678 243677 243676 243675 243674 243673 - 0.0005
177648 177647 177646 177645 177644 177643 177642 177641 - 0.0019
63049 63048 63047 63046 63045 63044 63043 63042 - 0.0032
520487 520486 520485 520484 520483 520482 520481 520480 - 0.014
527546 527545 527544 527543 527542 527541 527540 527539 - 0.0057
654711 654710 654709 654708 654707 654706 - 0.0026
749510 749490 - 0.0002
841577 841576 841575 841574 - 0.0038
347930 347929 347928 347927 347926 347925 347924 347923 - 0.0012
255890 251365 251364 251363 251362 251361 251360 241274 241273 241272 241271 241270 241269 - 0.0033
268894 268893 268892 268891 268890 268889 268888 268887 - 0.0005
466500 466499 466498 466497 466496 466495 585876 585875 - 0.0071
434896 434895 434894 458084 - 0.0039
174604 174603 174602 174601 174600 174599 174598 174597 - 0.0013
99021 99022 99023 101550 101549 101586 101587 101588 101589 101590 101591 101592 101593 101594 101595 101596 98350 98349 98348 98347 98346 98345 98344 98343 98342 98341 98340 98339 98338 98337 98336 98335 98334 98333 98332 98331 98330 98329 98328 98327 98326 98325 98324 98323 98322 98321 98320 98319 98318 98317 98316 98315 98314 98313 98312 98311 98310 98309 98308 98307 98306 98305 98304 98303 98302 98301 98300 98299 98298 98297 98296 98295 98294 98293 923067 923068 98581 923069 923070 98580 923071 923072 98140 98139 98141 98142 98143 98144 98145 98146 98147 98148 98149 98150 98151 98152 98153 98154 98155 18112 98156 98157 98158 98159 98160 98161 98162 515945 515946 515947 739488 515933 515934 515935 515936 515937 99542 515938 515939 515940 515941 515942 515943 515944 509766 509767 99100 509768 509769 509770 509771 509772 - 0.0533
748636 748635 748634 748633 748632 748631 748630 748629 - 0.0037
606961 606960 606959 606958 606957 606956 606955 606954 - 0.0058
575879 575878 575877 575876 575875 575874 575873 576267 576266 576265 576264 575842 575843 575844 575845 575846 575847 575848 575849 575850 775117 775116 775115 775114 775113 775112 775111 775110 - 0.0139
772746 772745 772744 772743 - 0.0017
704830 704831 704832 704833 691967 18808 18809 546227 - 0.0048
52288 52289 52290 52265 52264 52263 52262 52261 29826 98027 98028 98029 98030 97662 98031 98104 61894 61893 61892 52245 52244 98014 - 0.0142
138305 138304 138303 156506 156505 156504 156503 156502 - 0.0026
171583 171582 - 0.0003
465882 465881 - 0.0013
937744 937746 937748 937747 937722 763304 763303 763302 763301 763300 - 0.0096
25326 562932 - 0.0015
714406 714407 719804 719805 719806 714424 714423 719807 719813 719814 719815 719816 719803 719817 719818 719819 719820 719878 719879 719880 719881 714418 - 0.0314
595666 595671 595670 595669 595668 595667 - 0.0038
898275 898274 898273 898272 - 0.0011
700583 700576 - 0.0023
623758 623757 623756 623755 - 0.0006
275307 275306 275305 275304 275303 275302 275301 275300 - 0.0004
347601 347600 347599 347598 347597 347596 347595 347594 - 0.0009
599411 599410 599409 599412 - 0.0072
252081 252080 252079 252078 252077 252076 285507 297660 - 0.0028
22613 22612 22611 22610 22641 468002 - 0.0024
689010 688881 - 0.0008
679680 679679 679678 679677 679676 679675 679674 679673 - 0.0013
799350 799349 799348 799347 799346 799345 799344 799343 - 0.0122
798254 798118 798384 626190 897197 798217 897196 798442 - 0.006
501654 501655 501868 - 0.0012
761057 761056 761111 761112 761065 761078 761079 761080 761081 761082 761083 761084 761085 761086 761087 761088 761089 761090 761091 761092 761093 761094 761095 761096 761097 761098 761099 761100 761141 761142 761143 761144 761145 761146 761101 761102 761103 761104 761105 761106 - 0.0111
697087 697086 697085 697084 697083 697082 697081 697080 - 0.0014
248100 248099 248098 280191 - 0.0004
344130 344129 344128 344127 344126 344125 344124 344123 - 0.0031
382667 382666 382665 382664 382663 382662 382661 382660 - 0.002
704896 704895 780896 780895 - 0.0027
548370 548371 851192 851191 851190 548367 548366 548365 548364 548363 548362 548352 548353 908686 908685 908684 - 0.0241
656779 656778 656777 656776 656775 656774 656773 656772 - 0.0015
9752 9753 51284 21432 - 0.0007
654804 654805 654806 654807 654795 654808 654809 654810 45567 45566 45565 45564 45563 45600 45601 45602 45603 784555 784556 784557 654797 784558 784559 784560 784583 784584 784580 784579 784578 784577 784447 - 0.0266
580745 580744 580743 580721 580742 580741 580740 580739 - 0.0007
936835 936836 936802 936803 936804 936805 936806 861726 - 0.001
236776 236775 236774 236773 236772 236771 236770 236769 236768 236767 236766 236765 236764 236763 236762 236761 236760 236759 236758 236757 236756 236755 236754 236753 236752 236751 236750 236749 236748 236747 236746 236745 236744 236743 236742 236741 236740 236739 236738 236737 236736 236735 236734 236733 236732 236731 236730 236729 236728 236727 236726 297032 297033 297034 297035 297036 297037 297038 297039 297040 297041 297042 297043 297044 297045 297046 297047 297048 307630 307631 307632 307633 307634 283688 283689 283690 283691 283692 283693 283694 283695 283696 - 0.0269
831122 831123 831124 831125 831126 609350 831127 831128 - 0.0028
186708 186707 186706 186705 186704 186703 186702 186701 - 0.0005
355074 355073 355072 355071 355070 188988 - 0.0023
676757 676758 - 0.0045
821223 821224 821149 821225 575188 821226 821214 821215 - 0.0004
825874 739304 600375 825943 825879 825944 825945 825946 - 0.0026
157275 157274 - 0.0036
109495 111028 111027 111580 - 0.0006
754139 754403 - 0.0018
439998 439997 439996 439995 439994 439993 439992 439991 - 0.0019
587016 587845 919213 919297 - 0.0047
177463 177462 177461 177460 177459 177458 177457 177456 - 0.0069
217346 217345 217344 217343 217342 217341 217340 217339 - 0.0004
374889 374888 - 0.0018
794718 794717 794623 794716 794715 794714 794713 794712 - 0.0044
691989 692003 - 0.0007
585904 585903 585902 585901 585900 585899 585898 585897 - 0.0058
790964 790963 790962 790961 790960 790975 790974 790993 - 0.0131
712768 712767 712766 712765 712764 765422 765421 857795 - 0.0069
554532 786493 - 0.0056
